3
7
8
11
22
23
24
25
27
32
34
36
44
46
47
50
53
55
59
66
72
79
84
89
92
98
112
113
120
122
126
131
147
148
149
150
152
153
154
156
158
163
168
169
170
171
180
181
182
184
185
189
191
192
201
202
203
204
206
207
209
217
221
222
223
224
236
238
240
242
248
254
256
261
262
267
268
274
276
291
293
295
297
605
607
610
616
617
618
619
620
623
625
626
628
629
630
633
646
649
650
655
657
661
666
669
674
677
680
681
689
693
695
697
715
719
731
736
740
744
746
747
748
749
750
751
765
767
769
770
772
773
774
777
778
780
787
788
791
792
794
803
812
814
815
817
822
826
827
829
831
838
839
840
841
844
846
854
855
861
862
866
867
868
879
881
888
892
899
1205
1206
1208
1215
1216
1221
1223
1227
1228
1229
1230
1233
1234
1235
1237
1239
1245
1251
1253
1259
1266
1267
1268
1269
1270
1271
1272
1274
1275
1285
1288
1289
1290
1295
1296
1298
1299
1301
1305
1307
1310
1329
1331
1333
1336
1340
1341
1342
1344
1346
1352
1353
1358
1359
1361
1370
1372
1379
1383
1388
1391
1393
1395
1402
1403
1410
1411
1413
1416
1417
1419
1420
1421
1426
1427
1430
1434
1436
1438
1448
1461
1463
1464
1465
1467
1474
1478
1480
1483
1484
1485
1486
1801
1802
1808
1812
1815
1817
1818
1820
1821
1825
1833
1835
1842
1843
1845
1846
1849
1851
1853
1857
1861
1864
1869
1871
1873
1874
1875
1878
1879
1882
1887
1894
1896
1903
1905
1906
1911
1912
1917
1918
1919
1922
1925
1926
1928
1929
1931
1932
1940
1943
1944
1946
1947
1950
1957
1960
1967
1968
1969
1970
1971
1976
1978
1979
1980
1989
1990
1991
1996
1998
2004
2006
2007
2008
2009
2012
2016
2017
2018
2019
2020
2024
2035
2038
2039
2040
2042
2043
2044
2045
2048
2050
2051
2052
2054
2055
2056
2057
2067
2072
2074
2075
2079
2080
2081
2082
2400
2411
2414
2417
2418
2422
2423
2424
2425
2426
2427
2428
2429
2433
2434
2436
2437
2438
2439
2441
2443
2444
2447
2459
2461
2463
2464
2467
2469
2475
2481
2482
2483
2484
2489
2490
2492
2498
2502
2503
2504
2507
2519
2520
2521
2533
2535
2537
2538
2542
2544
2545
2547
2550
2551
2552
2555
2556
2558
2559
2560
2564
2565
2581
2583
2584
2590
2593
2594
2596
2597
2601
2609
2616
2623
2627
2628
2630
2644
2646
2648
2649
2650
2655
2658
2659
2661
2662
2666
2669
2670
2672
2673
2674
2675
2676
2677
2680
2683
2698
3011
3012
3013
3015
3016
3017
3020
3021
3023
3024
3025
3028
3031
3037
3048
3051
3053
3058
3060
3062
3068
3070
3071
3072
3073
3074
3077
3081
3082
3083
3085
3093
3097
3098
3099
3103
3105
3106
3109
3118
3121
3132
3143
3144
3145
3154
3155
3157
3159
3160
3165
3167
3168
3171
3172
3173
3179
3182
3185
3186
3187
3192
3193
3194
3197
3200
3201
3206
3207
3213
3223
3225
3226
3229
3231
3233
3254
3255
3257
3259
3268
3269
3271
3273
3282
3293
3294
3295
3600
3601
3602
3604
3607
3613
3618
3626
3627
3629
3633
3637
3639
3640
3641
3647
3651
3654
3655
3663
3664
3669
3672
3673
3674
3678
3679
3689
3693
3698
3702
3708
3709
3710
3711
3714
3729
3730
3734
3735
3736
3742
3743
3744
3765
3771
3772
3775
3779
3780
3781
3787
3788
3789
3791
3792
3796
3797
3802
3803
3804
3805
3810
3812
3837
3845
3849
3850
3857
3867
3871
3872
3873
3878
3883
3884
3885
3886
3889
3890
3891
3892
4207
4208
4214
4216
4219
4220
4221
4222
4223
4228
4235
4241
4242
4244
4248
4249
4250
4258
4260
4261
4262
4263
4264
4265
4269
4270
4281
4286
4287
4290
4291
4301
4304
4305
4306
4309
4314
4315
4324
4325
4326
4334
4335
4339
4344
4349
4351
4353
4354
4364
4365
4370
4372
4374
4375
4376
4383
4385
4392
4394
4397
4398
4399
4403
4406
4407
4409
4410
4413
4414
4415
4416
4417
4421
4426
4427
4429
4430
4431
4435
4437
4438
4440
4441
4449
4453
4455
4468
4469
4472
4473
4474
4475
4476
4477
4483
4485
4487
4495
4496
4800
4802
4807
4808
4814
4816
4818
4821
4825
4826
4835
4846
4850
4851
4852
4853
4854
4856
4857
4858
4859
4860
4869
4870
4871
4872
4873
4876
4879
4881
4883
4884
4886
4888
4889
4890
4895
4899
4901
4902
4905
4909
4917
4918
4922
4923
4924
4929
4936
4937
4943
4947
4948
4961
4962
4970
4972
4973
4974
4983
4984
4987
4991
4993
4999
5001
5003
5004
5009
5010
5011
5022
5023
5024
5025
5030
5031
5040
5042
5043
5044
5049
5065
5081
5085
5086
5402
5403
5404
5406
5411
5413
5418
5426
5432
5434
5449
5450
5454
5463
5468
5473
5474
5475
5477
5488
5490
5492
5494
5498
5503
5504
5506
5516
5520
5521
5522
5523
5528
5530
5535
5539
5540
5541
5545
5555
5564
5569
5572
5573
5575
5579
5588
5603
5604
5606
5607
5608
5621
5635
5636
5637
5639
5641
5642
5643
5644
5646
5647
5649
5653
5659
5661
5663
5673
5674
5680
5684
5686
5688
5690
5692
5693
5694
