22
112
115
150
153
171
181
185
192
201
204
240
256
625
629
655
657
746
772
774
791
826
831
844
1227
1228
1229
1233
1234
1245
1254
1267
1307
1342
1344
1358
1484
1812
1843
1851
1853
1861
1874
1878
1906
1928
1998
2006
2007
2008
2009
2018
2019
2020
2051
2055
2056
2072
2436
2437
2438
2461
2464
2498
2521
2542
2550
2551
2583
2600
2609
2616
2623
2628
2658
2661
2673
2674
2675
2676
3023
3024
3053
3057
3060
3081
3102
3155
3159
3173
3186
3201
3223
3268
3269
3600
3626
3639
3641
3647
3651
3678
3734
3771
3772
3791
3797
3810
3837
3885
3886
3891
3892
4216
4220
4251
4314
4324
4325
4326
4344
4370
4437
4438
4475
4818
4870
4876
4888
4889
4890
4899
4936
4961
4980
4984
4991
5009
5022
5404
5406
5454
5468
5522
5572
5607
5649
5680
5693
