1
2
4
6
12
13
15
16
18
19
26
28
29
32
35
38
39
42
45
51
56
57
61
62
63
64
65
67
70
71
73
76
77
80
82
83
85
86
93
94
97
99
100
101
102
103
104
105
106
107
111
114
117
118
121
123
124
125
126
127
129
133
134
135
136
137
138
140
141
142
146
151
159
160
161
164
165
166
167
169
174
175
179
183
186
188
194
195
197
198
200
203
206
207
208
210
211
213
214
215
216
219
220
225
226
227
228
229
230
231
233
234
239
241
244
245
246
249
250
251
253
257
258
260
262
263
264
265
266
269
271
272
275
277
278
279
281
282
284
286
289
292
294
296
298
299
600
602
606
608
614
615
617
619
624
627
631
632
634
636
638
639
642
644
645
647
648
653
654
656
659
662
663
665
670
675
676
678
679
683
685
688
690
691
692
696
698
699
701
702
703
704
705
706
707
709
711
712
713
717
720
721
726
727
728
730
732
733
734
735
737
738
741
743
745
750
752
753
754
755
756
757
758
759
760
761
762
766
771
775
776
777
778
779
780
781
782
783
784
785
789
790
797
798
799
800
801
808
809
813
815
816
821
822
828
832
833
836
837
843
845
847
848
849
850
851
852
853
857
858
859
860
865
870
871
872
873
875
876
877
880
882
884
885
886
889
891
893
1200
1201
1202
1203
1204
1207
1209
1210
1211
1213
1217
1218
1219
1220
1222
1224
1225
1226
1231
1232
1240
1241
1242
1243
1248
1249
1250
1252
1253
1256
1257
1258
1260
1262
1263
1265
1278
1279
1280
1281
1282
1285
1286
1291
1294
1300
1302
1308
1309
1312
1316
1317
1319
1323
1324
1327
1330
1332
1335
1337
1339
1341
1343
1347
1355
1356
1357
1360
1363
1364
1365
1368
1375
1376
1377
1380
1382
1386
1387
1390
1394
1396
1397
1398
1399
1400
1401
1402
1404
1411
1412
1414
1415
1418
1422
1423
1424
1425
1429
1431
1435
1439
1444
1446
1449
1450
1451
1453
1454
1455
1456
1457
1458
1459
1460
1469
1470
1471
1472
1475
1476
1477
1481
1487
1488
1489
1490
1491
1492
1494
1495
1496
1497
1499
1803
1806
1808
1811
1813
1814
1827
1828
1829
1830
1836
1838
1839
1840
1841
1842
1847
1848
1855
1856
1859
1860
1865
1866
1868
1870
1872
1876
1880
1881
1884
1888
1889
1890
1891
1892
1893
1897
1898
1899
1900
1904
1906
1907
1909
1910
1915
1916
1917
1920
1921
1923
1924
1926
1927
1928
1935
1937
1939
1942
1945
1949
1954
1955
1956
1958
1963
1972
1977
1983
1986
1987
1988
1992
1993
1994
1997
1999
2000
2001
2003
2004
2005
2010
2013
2014
2022
2025
2029
2030
2031
2032
2037
2040
2041
2047
2050
2060
2062
2063
2064
2066
2070
2071
2075
2076
2077
2078
2083
2089
2090
2095
2096
2098
2099
2401
2402
2403
2404
2407
2408
2409
2410
2412
2413
2416
2419
2430
2442
2450
2452
2454
2457
2458
2462
2466
2470
2471
2472
2473
2476
2477
2478
2479
2480
2481
2485
2487
2494
2495
2496
2499
2501
2506
2508
2510
2511
2513
2514
2516
2517
2524
2525
2526
2527
2530
2536
2538
2539
2540
2541
2542
2546
2548
2552
2553
2560
2561
2567
2568
2570
2571
2572
2574
2575
2577
2578
2579
2585
2587
2588
2591
2592
2595
2599
2600
2602
2603
2604
2605
2607
2608
2610
2612
2617
2619
2620
2621
2622
2624
2626
2627
2629
2632
2633
2634
2636
2642
2643
2645
2657
2660
2663
2664
2665
2667
2668
2671
2679
2681
2682
2684
2685
2688
2692
2693
2694
2695
2697
2699
3001
3003
3004
3005
3006
3010
3012
3014
3018
3019
3022
3029
3032
3034
3035
3038
3041
3042
3043
3044
3046
3047
3052
3055
3056
3064
3066
3067
3075
3076
3078
3079
3080
3082
3087
3088
3090
3091
3095
3096
3102
3104
3107
3108
3110
3114
3116
3117
3120
3121
3122
3123
3124
3125
3126
3127
3128
3129
3130
3131
3135
3136
3137
3138
3139
3142
3146
3149
3150
3151
3152
3153
3157
3158
3162
3163
3164
3176
3177
3180
3182
3184
3189
3190
3191
3195
3196
3202
3204
3208
3209
3210
3212
3214
3215
3216
3217
3218
3219
3221
3228
3229
3232
3234
3235
3236
3238
3239
3240
3241
3242
3243
3244
3245
3248
3250
3252
3253
3261
3262
3266
3267
3271
3272
3275
3276
3277
3279
3280
3283
3285
3286
3287
3290
3292
3296
3297
3298
3299
3603
3606
3608
3614
3615
3617
3619
3620
3623
3625
3628
3632
3634
3635
3636
3644
3645
3646
3648
3649
3650
3654
3656
3657
3658
3659
3660
3662
3665
3666
3668
3671
3676
3677
3680
3681
3683
3684
3687
3688
3690
3692
3695
3699
3700
3704
3706
3707
3712
3715
3716
3717
3718
3719
3720
3721
3722
3723
3724
3727
3728
3731
3737
3738
3739
3740
3741
3746
3747
3749
3752
3754
3755
3757
3758
3762
3763
3764
3766
3767
3776
3777
3779
3782
3783
3785
3786
3790
3793
3794
3798
3799
3800
3801
3806
3807
3808
3811
3814
3818
3819
3823
3825
3826
3827
3830
3831
3832
3833
3835
3836
3838
3839
3840
3841
3842
3843
3847
3848
3852
3853
3855
3858
3859
3860
3861
3862
3863
3864
3865
3866
3868
3869
3870
3871
3874
3877
3881
3887
3888
3893
3894
3895
3896
3897
3898
3899
4200
4201
4202
4203
4204
4206
4209
4212
4213
4215
4226
4232
4234
4239
4240
4243
4245
4247
4251
4252
4253
4255
4257
4260
4266
4267
4268
4271
4272
4274
4275
4277
4280
4284
4285
4288
4289
4292
4294
4296
4297
4298
4307
4308
4310
4311
4312
4313
4316
4317
4318
4319
4322
4328
4330
4331
4332
4333
4336
4338
4342
4343
4345
4346
4347
4352
4356
4357
4358
4359
4361
4362
4366
4367
4368
4369
4377
4378
4381
4382
4384
4386
4387
4388
4390
4396
4400
4401
4404
4408
4412
4417
4418
4423
4424
4425
4432
4439
4442
4443
4446
4447
4448
4451
4452
4454
4456
4458
4460
4461
4462
4463
4465
4466
4478
4479
4480
4481
4482
4484
4486
4489
4490
4491
4493
4494
4497
4498
4801
4803
4804
4805
4806
4809
4812
4813
4817
4820
4822
4823
4824
4827
4828
4829
4830
4831
4832
4834
4837
4839
4841
4842
4843
4844
4845
4847
4848
4855
4861
4863
4866
4867
4874
4875
4882
4887
4892
4896
4897
4904
4906
4907
4910
4911
4912
4914
4915
4927
4929
4934
4935
4937
4938
4939
4940
4944
4945
4946
4949
4950
4951
4952
4953
4954
4956
4957
4958
4959
4960
4963
4964
4965
4966
4967
4968
4969
4975
4976
4979
4980
4981
4982
4985
4986
4988
4989
4990
4995
4997
4998
5000
5002
5005
5006
5008
5013
5014
5015
5016
5017
5018
5019
5020
5027
5029
5032
5033
5035
5038
5040
5041
5046
5047
5051
5052
5053
5054
5057
5058
5059
5063
5067
5068
5072
5073
5074
5075
5076
5077
5080
5083
5084
5087
5088
5089
5092
5095
5097
5099
5400
5410
5412
5413
5414
5415
5416
5417
5420
5421
5422
5425
5428
5429
5430
5431
5432
5433
5436
5439
5440
5441
5446
5447
5448
5451
5452
5453
5456
5460
5461
5464
5465
5466
5471
5478
5479
5482
5483
5484
5485
5491
5494
5495
5499
5500
5502
5505
5507
5511
5512
5513
5514
5517
5518
5519
5524
5525
5526
5527
5529
5532
5533
5534
5536
5537
5538
5543
5544
5546
5547
5548
5549
5550
5552
5556
5557
5558
5560
5561
5562
5567
5568
5570
5571
5574
5576
5577
5578
5580
5581
5582
5583
5584
5585
5586
5587
5591
5592
5593
5595
5596
5598
5599
5600
5601
5602
5609
5611
5613
5614
5616
5618
5622
5623
5625
5626
5627
5630
5631
5632
5633
5634
5640
5645
5648
5650
5651
5654
5657
5658
5660
5662
5664
5665
5667
5668
5669
5671
5672
5675
5676
5677
5679
5682
5683
5685
5689
5691
5696
5697
5698
5699
