0
3
5
7
8
9
10
11
14
17
20
21
22
23
24
25
27
30
31
33
34
36
37
40
41
43
44
46
47
48
49
50
52
53
54
55
58
59
60
66
68
69
72
74
75
78
79
81
84
87
88
89
90
91
92
95
96
98
108
109
110
112
113
115
116
119
120
122
128
130
131
132
139
143
144
145
147
148
149
150
152
153
154
155
156
157
158
162
163
168
170
171
172
173
176
177
178
180
181
182
184
185
187
189
190
191
192
193
196
199
201
202
204
205
209
212
217
218
221
222
223
224
232
235
236
237
238
240
242
243
247
248
252
254
255
256
259
261
267
268
270
273
274
276
280
283
285
287
288
290
291
293
295
297
601
603
604
605
607
609
610
611
612
613
616
618
620
621
622
623
625
626
628
629
630
633
635
637
640
641
643
646
649
650
651
652
655
657
658
660
661
664
666
667
668
669
671
672
673
674
677
680
681
682
684
686
687
689
693
694
695
697
700
708
710
714
715
716
718
719
722
723
724
725
729
731
736
739
740
742
744
746
747
748
749
751
763
764
765
767
768
769
770
772
773
774
786
787
788
791
792
793
794
795
796
802
803
804
805
806
807
810
811
812
814
817
818
819
820
823
824
825
826
827
829
830
831
834
835
838
839
840
841
842
844
846
854
855
856
861
862
863
864
866
867
868
869
874
878
879
881
883
887
888
890
892
894
895
896
897
898
899
1205
1206
1208
1212
1214
1215
1216
1221
1223
1227
1228
1229
1230
1233
1234
1235
1236
1237
1238
1239
1244
1245
1246
1247
1251
1254
1255
1259
1261
1264
1266
1267
1268
1269
1270
1271
1272
1273
1274
1275
1276
1277
1283
1284
1287
1288
1289
1290
1292
1293
1295
1296
1297
1298
1299
1301
1303
1304
1305
1306
1307
1310
1311
1313
1314
1315
1318
1320
1321
1322
1325
1326
1328
1329
1331
1333
1334
1336
1338
1340
1342
1344
1345
1346
1348
1349
1350
1351
1352
1353
1354
1358
1359
1361
1362
1366
1367
1369
1370
1371
1372
1373
1374
1378
1379
1381
1383
1384
1385
1388
1389
1391
1392
1393
1395
1403
1405
1406
1407
1408
1409
1410
1413
1416
1417
1419
1420
1421
1426
1427
1428
1430
1432
1433
1434
1436
1437
1438
1440
1441
1442
1443
1445
1447
1448
1452
1461
1462
1463
1464
1465
1466
1467
1468
1473
1474
1478
1479
1480
1482
1483
1484
1485
1486
1493
1498
1800
1801
1802
1804
1805
1807
1809
1810
1812
1815
1816
1817
1818
1819
1820
1821
1822
1823
1824
1825
1826
1831
1832
1833
1834
1835
1837
1843
1844
1845
1846
1849
1850
1851
1852
1853
1854
1857
1858
1861
1862
1863
1864
1867
1869
1871
1873
1874
1875
1877
1878
1879
1882
1883
1885
1886
1887
1894
1895
1896
1901
1902
1903
1905
1908
1911
1912
1913
1914
1918
1919
1922
1925
1929
1930
1931
1932
1933
1934
1936
1938
1940
1941
1943
1944
1946
1947
1948
1950
1951
1952
1953
1957
1959
1960
1961
1962
1964
1965
1966
1967
1968
1969
1970
1971
1973
1974
1975
1976
1978
1979
1980
1981
1982
1984
1985
1989
1990
1991
1995
1996
1998
2002
2006
2007
2008
2009
2011
2012
2015
2016
2017
2018
2019
2020
2021
2023
2024
2026
2027
2028
2033
2034
2035
2036
2038
2039
2042
2043
2044
2045
2046
2048
2049
2051
2052
2053
2054
2055
2056
2057
2058
2059
2061
2065
2067
2068
2069
2072
2073
2074
2079
2080
2081
2082
2084
2085
2086
2087
2088
2091
2092
2093
2094
2097
2400
2405
2406
2411
2414
2415
2417
2418
2420
2421
2422
2423
2424
2425
2426
2427
2428
2429
2431
2432
2433
2434
2435
2436
2437
2438
2439
2440
2441
2443
2444
2445
2446
2447
2448
2449
2451
2453
2455
2456
2459
2460
2461
2463
2464
2465
2467
2468
2469
2474
2475
2482
2483
2484
2486
2488
2489
2490
2491
2492
2493
2497
2498
2500
2502
2503
2504
2505
2507
2509
2512
2515
2518
2519
2520
2521
2522
2523
2528
2529
2531
2532
2533
2534
2535
2537
2543
2544
2545
2547
2549
2550
2551
2554
2555
2556
2557
2558
2559
2562
2563
2564
2565
2566
2569
2573
2576
2580
2581
2582
2583
2584
2586
2589
2590
2593
2594
2596
2597
2598
2601
2606
2609
2611
2613
2614
2615
2616
2618
2623
2625
2628
2630
2631
2635
2637
2638
2639
2640
2641
2644
2646
2647
2648
2649
2650
2651
2652
2653
2654
2655
2656
2658
2659
2661
2662
2666
2669
2670
2672
2673
2674
2675
2676
2677
2678
2680
2683
2686
2687
2689
2690
2691
2696
2698
3000
3002
3007
3008
3009
3011
3013
3015
3016
3017
3020
3021
3023
3024
3025
3026
3027
3028
3030
3031
3033
3036
3037
3039
3040
3045
3048
3049
3050
3051
3053
3054
3057
3058
3059
3060
3061
3062
3063
3065
3068
3069
3070
3071
3072
3073
3074
3077
3081
3083
3084
3085
3086
3089
3092
3093
3094
3097
3098
3099
3100
3101
3103
3105
3106
3109
3111
3112
3113
3115
3118
3119
3132
3133
3134
3140
3141
3143
3144
3145
3147
3148
3154
3155
3156
3159
3160
3161
3165
3166
3167
3168
3169
3170
3171
3172
3173
3174
3175
3178
3179
3181
3183
3185
3186
3187
3188
3192
3193
3194
3197
3198
3199
3200
3201
3203
3205
3206
3207
3211
3213
3220
3222
3223
3224
3225
3226
3227
3230
3231
3233
3237
3246
3247
3249
3251
3254
3255
3256
3257
3258
3259
3260
3263
3264
3265
3268
3269
3270
3273
3274
3278
3281
3282
3284
3288
3289
3291
3293
3294
3295
3600
3601
3602
3604
3605
3607
3609
3610
3611
3612
3613
3616
3618
3621
3622
3624
3626
3627
3629
3630
3631
3633
3637
3638
3639
3640
3641
3642
3643
3647
3651
3652
3653
3655
3661
3663
3664
3667
3669
3670
3672
3673
3674
3675
3678
3679
3682
3685
3686
3689
3691
3693
3694
3696
3697
3698
3701
3702
3703
3705
3708
3709
3710
3711
3713
3714
3725
3726
3729
3730
3732
3733
3734
3735
3736
3742
3743
3744
3745
3748
3750
3751
3753
3756
3759
3760
3761
3765
3768
3769
3770
3771
3772
3773
3774
3775
3778
3780
3781
3784
3787
3788
3789
3791
3792
3795
3796
3797
3802
3803
3804
3805
3809
3810
3812
3813
3815
3816
3817
3820
3821
3822
3824
3828
3829
3834
3837
3844
3845
3846
3849
3850
3851
3854
3856
3857
3867
3872
3873
3875
3876
3878
3879
3880
3882
3883
3884
3885
3886
3889
3890
3891
3892
4205
4207
4208
4210
4211
4214
4216
4217
4218
4219
4220
4221
4222
4223
4224
4225
4227
4228
4229
4230
4231
4233
4235
4236
4237
4238
4241
4242
4244
4246
4248
4249
4250
4254
4256
4258
4259
4261
4262
4263
4264
4265
4269
4270
4273
4276
4278
4279
4281
4282
4283
4286
4287
4290
4291
4293
4295
4299
4300
4301
4302
4303
4304
4305
4306
4309
4314
4315
4320
4321
4323
4324
4325
4326
4327
4329
4334
4335
4337
4339
4340
4341
4344
4348
4349
4350
4351
4353
4354
4355
4360
4363
4364
4365
4370
4371
4372
4373
4374
4375
4376
4379
4380
4383
4385
4389
4391
4392
4393
4394
4395
4397
4398
4399
4402
4403
4405
4406
4407
4409
4410
4411
4413
4414
4415
4416
4419
4420
4421
4422
4426
4427
4428
4429
4430
4431
4433
4434
4435
4436
4437
4438
4440
4441
4444
4445
4449
4450
4453
4455
4457
4459
4464
4467
4468
4469
4470
4471
4472
4473
4474
4475
4476
4477
4483
4485
4487
4488
4492
4495
4496
4499
4800
4802
4807
4808
4810
4811
4814
4815
4816
4818
4819
4821
4825
4826
4833
4835
4836
4838
4840
4846
4849
4850
4851
4852
4853
4854
4856
4857
4858
4859
4860
4862
4864
4865
4868
4869
4870
4871
4872
4873
4876
4877
4878
4879
4880
4881
4883
4884
4885
4886
4888
4889
4890
4891
4893
4894
4895
4898
4899
4900
4901
4902
4903
4905
4908
4909
4913
4916
4917
4918
4919
4920
4921
4922
4923
4924
4925
4926
4928
4930
4931
4932
4933
4936
4941
4942
4943
4947
4948
4955
4961
4962
4970
4971
4972
4973
4974
4977
4978
4983
4984
4987
4991
4992
4993
4994
4996
4999
5001
5003
5004
5007
5009
5010
5011
5012
5021
5022
5023
5024
5025
5026
5028
5030
5031
5034
5036
5037
5039
5042
5043
5044
5045
5048
5049
5050
5055
5056
5060
5061
5062
5064
5065
5066
5069
5070
5071
5078
5079
5081
5082
5085
5086
5090
5091
5093
5094
5096
5098
5401
5402
5403
5404
5405
5406
5407
5408
5409
5411
5418
5419
5423
5424
5426
5427
5434
5435
5437
5438
5442
5443
5444
5445
5449
5450
5454
5455
5457
5458
5459
5462
5463
5467
5468
5469
5470
5472
5473
5474
5475
5476
5477
5480
5481
5486
5487
5488
5489
5490
5492
5493
5496
5497
5498
5501
5503
5504
5506
5508
5509
5510
5515
5516
5520
5521
5522
5523
5528
5530
5531
5535
5539
5540
5541
5542
5545
5551
5553
5554
5555
5559
5563
5564
5565
5566
5569
5572
5573
5575
5579
5588
5589
5590
5594
5597
5603
5604
5605
5606
5607
5608
5610
5612
5615
5617
5619
5620
5621
5624
5628
5629
5635
5636
5637
5638
5639
5641
5642
5643
5644
5646
5647
5649
5652
5653
5655
5656
5659
5661
5663
5666
5670
5673
5674
5678
5680
5681
5684
5686
5687
5688
5690
5692
5693
5694
5695
