0
1
2
4
5
6
7
9
10
12
13
14
15
16
17
18
19
20
21
25
26
27
28
29
30
31
32
33
35
37
38
39
40
41
42
43
45
48
49
51
52
53
54
56
57
60
61
62
63
64
65
66
67
68
69
70
71
73
74
75
76
77
78
80
82
83
84
85
86
87
88
90
91
93
94
95
96
97
99
100
101
102
103
104
105
106
107
108
109
110
111
114
115
116
117
118
119
121
122
123
124
125
127
128
129
130
132
133
134
135
136
137
138
139
140
141
142
143
144
145
146
149
151
155
156
157
159
160
161
162
163
164
165
166
167
169
170
172
173
174
175
176
177
178
179
182
183
186
188
190
193
194
195
196
197
198
199
200
203
205
206
207
208
209
210
211
212
213
214
215
216
217
218
219
220
225
226
227
228
229
230
231
232
233
234
235
237
239
241
243
244
245
246
247
249
250
251
252
253
255
257
258
259
260
263
264
265
266
269
270
271
272
273
275
277
278
279
280
281
282
283
284
285
286
287
288
289
290
292
294
296
298
299
600
601
602
603
604
606
608
609
610
611
612
613
614
615
619
621
622
624
627
631
632
634
635
636
637
638
639
640
641
642
643
644
645
647
648
651
652
653
654
656
658
660
662
663
664
665
666
667
668
670
671
672
673
675
676
678
679
680
682
683
684
685
686
687
688
689
690
691
692
694
696
698
699
700
701
702
703
704
705
706
707
708
709
710
711
712
713
714
716
717
718
720
721
722
723
724
725
726
727
728
729
730
732
733
734
735
736
737
738
739
741
742
743
745
750
752
753
754
755
756
757
758
759
760
761
762
763
764
766
768
770
771
775
776
779
781
782
783
784
785
786
789
790
792
793
795
796
797
798
799
800
801
802
803
804
805
806
807
808
809
810
811
813
815
816
818
819
820
821
822
823
824
825
826
827
828
830
832
833
834
835
836
837
838
840
842
843
845
846
847
848
849
850
851
852
853
856
857
858
859
860
863
864
865
869
870
871
872
873
874
875
876
877
878
880
881
882
883
884
885
886
887
889
890
891
893
894
895
896
897
1200
1201
1202
1203
1204
1207
1209
1210
1211
1212
1213
1217
1218
1219
1220
1221
1222
1224
1225
1226
1231
1232
1236
1237
1238
1239
1240
1241
1242
1243
1244
1246
1247
1248
1249
1250
1252
1253
1254
1255
1256
1257
1258
1259
1260
1261
1262
1263
1264
1265
1266
1273
1276
1277
1278
1279
1280
1281
1282
1283
1284
1285
1286
1287
1291
1293
1294
1295
1297
1298
1300
1302
1303
1304
1306
1308
1309
1311
1312
1313
1314
1315
1316
1317
1318
1319
1320
1321
1322
1323
1324
1325
1326
1327
1328
1332
1333
1334
1335
1336
1337
1338
1339
1342
1343
1345
1347
1348
1349
1350
1351
1354
1355
1356
1357
1360
1362
1363
1364
1365
1366
1367
1368
1369
1371
1373
1374
1375
1376
1377
1378
1380
1381
1382
1384
1385
1386
1387
1389
1390
1392
1394
1396
1397
1398
1399
1400
1401
1404
1405
1406
1407
1408
1409
1411
1412
1414
1415
1418
1419
1422
1423
1424
1425
1426
1427
1428
1429
1432
1433
1435
1437
1439
1440
1441
1442
1443
1444
1445
1446
1447
1448
1449
1450
1451
1452
1453
1454
1455
1456
1457
1458
1459
1460
1462
1466
1468
1469
1470
1471
1472
1473
1475
1476
1477
1479
1480
1481
1482
1486
1487
1488
1489
1490
1491
1492
1493
1494
1495
1496
1497
1498
1499
1800
1801
1803
1804
1805
1806
1807
1808
1809
1810
1811
1813
1814
1816
1819
1822
1823
1824
1826
1827
1828
1829
1830
1831
1832
1834
1836
1837
1838
1839
1840
1841
1844
1847
1848
1849
1850
1852
1854
1855
1856
1858
1859
1860
1862
1863
1865
1866
1867
1868
1869
1870
1872
1876
1877
1879
1880
1881
1883
1884
1885
1886
1888
1889
1890
1891
1892
1893
1895
1897
1898
1899
1900
1901
1902
1903
1904
1906
1907
1908
1909
1910
1913
1914
1915
1916
1920
1921
1924
1926
1927
1930
1933
1934
1935
1936
1937
1938
1939
1941
1942
1945
1947
1948
1949
1951
1952
1953
1954
1955
1956
1958
1959
1960
1961
1962
1963
1964
1965
1966
1971
1972
1973
1974
1975
1977
1979
1981
1982
1983
1984
1985
1986
1987
1988
1992
1993
1994
1995
1996
1997
1999
2000
2001
2002
2003
2004
2005
2010
2011
2012
2013
2014
2015
2021
2022
2023
2025
2026
2027
2028
2029
2030
2031
2032
2033
2034
2035
2036
2037
2040
2041
2046
2047
2048
2049
2050
2053
2058
2059
2060
2061
2062
2063
2064
2065
2066
2068
2070
2071
2073
2074
2075
2076
2077
2078
2080
2083
2084
2085
2086
2087
2088
2089
2090
2091
2092
2093
2094
2095
2096
2097
2098
2099
2400
2401
2402
2403
2404
2405
2406
2407
2408
2409
2410
2411
2412
2413
2414
2415
2416
2417
2419
2420
2421
2429
2430
2431
2432
2435
2436
2439
2440
2441
2442
2445
2446
2448
2449
2450
2451
2452
2453
2454
2455
2456
2457
2458
2460
2462
2465
2466
2468
2470
2471
2472
2473
2474
2476
2477
2478
2479
2480
2481
2485
2486
2487
2488
2491
2493
2494
2495
2496
2497
2499
2500
2501
2503
2505
2506
2508
2509
2510
2511
2512
2513
2514
2515
2516
2517
2518
2522
2523
2524
2525
2526
2527
2528
2529
2530
2531
2532
2534
2536
2538
2539
2540
2541
2542
2543
2546
2548
2549
2553
2554
2557
2560
2561
2562
2563
2566
2567
2568
2569
2570
2571
2572
2573
2574
2575
2576
2577
2578
2579
2580
2582
2585
2588
2589
2591
2592
2595
2598
2599
2600
2602
2603
2604
2605
2606
2607
2608
2610
2611
2612
2613
2614
2615
2617
2618
2619
2620
2621
2622
2624
2625
2626
2627
2629
2631
2632
2633
2634
2635
2636
2637
2638
2639
2640
2641
2642
2643
2645
2647
2651
2652
2653
2654
2656
2657
2660
2662
2663
2664
2665
2666
2667
2668
2671
2678
2679
2681
2682
2684
2685
2686
2687
2688
2689
2690
2691
2692
2693
2694
2695
2696
2697
2699
3000
3001
3002
3003
3004
3005
3006
3007
3008
3009
3010
3014
3018
3019
3022
3026
3027
3029
3030
3032
3033
3034
3035
3036
3038
3039
3040
3041
3042
3043
3044
3045
3046
3047
3049
3050
3052
3054
3055
3056
3057
3059
3061
3063
3064
3065
3066
3067
3069
3075
3076
3078
3079
3080
3084
3086
3087
3088
3089
3090
3091
3092
3094
3095
3096
3099
3100
3101
3102
3104
3107
3108
3110
3111
3112
3113
3114
3115
3116
3117
3119
3120
3121
3122
3123
3124
3125
3126
3127
3128
3129
3130
3131
3133
3134
3135
3136
3137
3138
3139
3140
3141
3142
3146
3147
3148
3149
3150
3151
3152
3153
3156
3157
3158
3161
3162
3163
3164
3166
3169
3170
3174
3175
3176
3177
3178
3179
3180
3181
3183
3184
3188
3189
3190
3191
3195
3196
3198
3199
3200
3202
3203
3204
3205
3208
3209
3210
3211
3212
3214
3215
3216
3217
3218
3219
3220
3221
3222
3224
3227
3228
3229
3230
3232
3234
3235
3236
3237
3238
3239
3240
3241
3242
3243
3244
3245
3246
3247
3248
3249
3250
3251
3252
3253
3255
3256
3260
3261
3262
3263
3264
3265
3266
3267
3270
3271
3272
3274
3275
3276
3277
3278
3279
3280
3281
3283
3284
3285
3286
3287
3288
3289
3290
3291
3292
3296
3297
3298
3299
3603
3605
3606
3608
3609
3610
3611
3614
3615
3616
3617
3618
3619
3620
3621
3622
3623
3624
3625
3628
3629
3630
3631
3632
3633
3634
3635
3636
3637
3638
3642
3643
3644
3645
3646
3648
3649
3650
3652
3653
3654
3656
3657
3658
3659
3660
3661
3662
3665
3666
3667
3668
3670
3671
3675
3676
3677
3680
3681
3682
3683
3684
3685
3686
3687
3688
3689
3690
3691
3692
3694
3695
3696
3697
3699
3700
3701
3702
3703
3704
3705
3706
3707
3712
3713
3715
3716
3717
3718
3719
3720
3721
3722
3723
3724
3725
3726
3727
3728
3731
3732
3733
3737
3738
3739
3740
3741
3745
3746
3747
3748
3749
3750
3751
3752
3753
3754
3755
3756
3757
3758
3759
3760
3761
3762
3763
3764
3766
3767
3768
3769
3770
3773
3774
3776
3777
3778
3779
3782
3783
3784
3785
3786
3790
3793
3794
3795
3798
3799
3800
3801
3802
3806
3807
3808
3809
3811
3813
3814
3815
3816
3817
3818
3819
3820
3821
3822
3823
3824
3825
3826
3827
3828
3829
3830
3831
3832
3833
3834
3835
3836
3838
3839
3840
3841
3842
3843
3844
3845
3846
3847
3848
3851
3852
3853
3854
3855
3856
3858
3859
3860
3861
3862
3863
3864
3865
3866
3868
3869
3870
3873
3874
3875
3876
3877
3879
3880
3881
3882
3887
3888
3893
3894
3895
3896
3897
3898
3899
4200
4201
4202
4203
4204
4205
4206
4209
4210
4211
4212
4213
4215
4217
4218
4219
4224
4225
4226
4227
4229
4230
4231
4232
4233
4234
4236
4238
4239
4240
4243
4245
4246
4247
4248
4251
4252
4253
4254
4255
4256
4257
4258
4259
4266
4267
4268
4271
4272
4273
4274
4275
4276
4277
4278
4279
4280
4282
4283
4284
4285
4288
4289
4292
4293
4294
4295
4296
4297
4298
4299
4300
4302
4303
4304
4307
4308
4310
4311
4312
4313
4316
4317
4318
4319
4320
4321
4322
4323
4327
4328
4329
4330
4331
4332
4333
4336
4337
4338
4340
4341
4342
4343
4345
4346
4347
4348
4350
4352
4355
4356
4357
4358
4359
4360
4361
4362
4363
4366
4367
4368
4369
4371
4373
4377
4378
4379
4380
4381
4382
4384
4386
4387
4388
4389
4390
4391
4393
4395
4396
4399
4400
4401
4402
4404
4405
4406
4408
4411
4412
4418
4419
4420
4421
4422
4423
4424
4425
4426
4428
4432
4433
4434
4439
4442
4443
4444
4445
4446
4447
4448
4450
4451
4452
4454
4456
4457
4458
4459
4460
4461
4462
4463
4464
4465
4466
4467
4470
4471
4478
4479
4480
4481
4482
4484
4486
4488
4489
4490
4491
4492
4493
4494
4497
4498
4499
4800
4801
4802
4803
4804
4805
4806
4808
4809
4810
4811
4812
4813
4815
4816
4817
4819
4820
4822
4823
4824
4825
4827
4828
4829
4830
4831
4832
4833
4834
4835
4836
4837
4838
4839
4840
4841
4842
4843
4844
4845
4846
4847
4848
4849
4853
4855
4861
4862
4863
4864
4865
4866
4867
4868
4874
4875
4877
4878
4880
4882
4885
4887
4891
4892
4893
4894
4896
4897
4898
4900
4903
4904
4906
4907
4909
4910
4911
4912
4913
4914
4915
4916
4919
4920
4921
4923
4925
4926
4927
4928
4929
4930
4931
4932
4933
4934
4935
4938
4939
4940
4941
4942
4943
4944
4945
4946
4949
4950
4951
4952
4953
4954
4955
4956
4957
4958
4959
4960
4963
4964
4965
4966
4967
4968
4969
4971
4975
4976
4977
4978
4979
4980
4981
4982
4985
4986
4988
4989
4990
4992
4994
4995
4996
4997
4998
5000
5002
5005
5006
5007
5008
5009
5013
5014
5015
5016
5017
5018
5019
5020
5021
5026
5027
5028
5029
5030
5031
5032
5033
5034
5035
5036
5037
5038
5039
5040
5041
5044
5045
5046
5047
5048
5050
5051
5052
5053
5054
5055
5056
5057
5058
5059
5060
5061
5062
5063
5064
5066
5067
5068
5069
5070
5071
5072
5073
5074
5075
5076
5077
5078
5079
5080
5082
5083
5084
5087
5088
5089
5090
5091
5092
5093
5094
5095
5096
5097
5098
5099
5400
5401
5405
5407
5408
5409
5410
5412
5413
5414
5415
5416
5417
5419
5420
5421
5422
5423
5424
5425
5428
5429
5430
5431
5432
5433
5434
5435
5436
5437
5438
5439
5440
5441
5442
5443
5444
5445
5446
5447
5448
5451
5452
5453
5455
5456
5457
5458
5459
5460
5461
5462
5464
5465
5466
5467
5469
5470
5471
5472
5473
5476
5478
5479
5480
5481
5482
5483
5484
5485
5486
5487
5489
5491
5492
5493
5494
5495
5496
5497
5499
5500
5501
5502
5503
5505
5507
5508
5509
5511
5512
5513
5514
5515
5516
5517
5518
5519
5524
5525
5526
5527
5529
5531
5532
5533
5534
5536
5537
5538
5540
5541
5542
5543
5544
5545
5546
5547
5548
5549
5550
5551
5552
5553
5554
5556
5557
5558
5559
5560
5561
5562
5563
5564
5565
5566
5567
5568
5569
5570
5571
5574
5576
5577
5578
5580
5581
5582
5583
5584
5585
5586
5587
5589
5590
5591
5592
5593
5594
5595
5596
5597
5598
5599
5600
5601
5602
5605
5609
5610
5611
5612
5613
5614
5615
5616
5617
5618
5619
5620
5622
5623
5624
5625
5626
5627
5628
5629
5630
5631
5632
5633
5634
5636
5638
5640
5644
5645
5648
5650
5651
5652
5654
5655
5656
5657
5658
5660
5661
5662
5664
5665
5666
5667
5668
5669
5670
5671
5672
5674
5675
5676
5677
5678
5679
5682
5683
5685
5687
5689
5691
5695
5696
5697
5698
5699
